exp4c.cpp-O0
826.9750000326894
842.1899999957532
866.2550000008196
841.5150000073481
834.3800000147894
845.6850000075065
846.220000035828
863.664999982575
860.3600000205915
838.9249999891035
exp4c.cpp-O1
312.0950000011362
311.4899999636691
298.3300000196323
308.7049999739975
304.6199999807868
297.71499999333173
310.46499995863996
298.66499998024665
298.7600000051316
298.38000002200715
exp4c.cpp-O2
301.97999998927116
297.75499997776933
285.90000001713634
285.4200000001583
300.67999998573214
281.40999996685423
285.49999999813735
292.7149999886751
285.5000000272412
286.6050000011455
exp4c.cpp-O3
300.874999986263
285.94000000157394
288.8950000051409
285.8249999990221
287.6000000105705
283.7149999977555
284.5649999799207
286.2650000315625
296.3099999760743
287.0100000000093
exp4c.cpp-Os
297.9150000028312
305.7050000061281
300.7450000150129
300.6700000260025
312.1099999989383
299.8950000037439
298.43999998411164
299.49000000488013
299.82499999459833
298.8049999985378
exp4c.cpp-Oz
299.9499999859836
298.9800000214018
313.69499998982064
311.61500001326203
299.6899999852758
316.41999998828396
300.5999999877531
299.19999997946434
304.7249999945052
300.37499996251427
exp12.cpp-O0
1431.140000000596
1429.0800000308082
1397.9549999930896
1424.4900000048801
1441.240000014659
1395.124999980908
1432.9800000414252
1424.979999952484
1436.5749999997206
1400.6400000071153
exp12.cpp-O1
273.48000003257766
278.23500003432855
275.324999995064
274.7199999867007
272.31999998912215
275.774999987334
275.9349999832921
278.3250000793487
276.5299999737181
277.2450000047684
exp12.cpp-O2
235.32999999588355
234.3000000109896
235.96499994164333
239.7750000236556
236.06999998446554
234.18500000843778
231.88000003574416
233.36499999277294
241.57000007107854
234.41999993519858
exp12.cpp-O3
253.2950000022538
234.4200000516139
235.77999998815358
234.20999996596947
234.23500003991649
233.5200000088662
235.37000000942498
236.51000001700595
237.68999997992069
236.05500004487112
exp12.cpp-Os
277.4799999897368
282.21999999368563
273.63000001059845
287.2300000162795
275.80500004114583
271.660000027623
274.03999998932704
275.4900000290945
278.20499998051673
287.39000007044524
exp12.cpp-Oz
296.6149999992922
299.6399999829009
284.2250000103377
296.77999997511506
286.95999999763444
282.5900000752881
301.18000000948086
286.0099999816157
284.42500001983717
284.0399999404326
exp9.cpp-O0
775.0100000412203
761.5449999575503
779.149999958463
769.0249999868684
777.7399999904446
776.6999999876134
779.3950000777841
780.4150001029484
778.7400000379421
755.1550000207499
exp9.cpp-O1
246.25999998534098
247.63000005623326
258.9649999863468
247.02499993145466
245.53500005276874
256.97499996749684
245.37999997846782
243.04500001017004
244.5449999650009
247.46999994385988
exp9.cpp-O2
258.6349999764934
256.0899999807589
261.5300000179559
245.04500004695728
257.25999992573634
257.00000004144385
250.28999999631196
245.1149999978952
244.4199999445118
246.02000002050772
exp9.cpp-O3
244.60500001441687
256.1949999653734
244.2849999642931
246.32999999448657
256.09500001883134
246.11500004539266
244.13500004447997
252.15000001480803
251.58499996177852
256.2350000371225
exp9.cpp-Os
244.83999994117767
240.85500004002824
242.714999942109
244.73999999463558
243.98500000825152
245.62000000150874
246.95499998051673
269.2199999582954
256.76499999826774
243.23000002186745
exp9.cpp-Oz
258.86000000173226
243.77500003902242
249.7399999992922
249.25499997334555
248.39500000234693
249.95500000659376
248.65000002318993
248.34000004921108
249.06999996164814
265.5850001028739
exp1-old.cpp-O0
1091.0900000017136
1091.4099999936298
1099.7199999401346
1090.7749999896623
1099.2399999522604
1088.9600000227802
1107.2699999203905
1068.8349999836646
1105.005000019446
1081.5300000249408
exp1-old.cpp-O1
350.44000000925735
359.1000000014901
349.94999994523823
351.2150000897236
351.90000000875443
350.46999994665384
354.32000004220754
349.52499996870756
348.92000001855195
357.6899999752641
exp1-old.cpp-O2
321.4049999951385
337.2100000269711
324.9699999578297
326.5949999913573
328.3149999915622
320.9299999871291
321.83999998960644
325.92999999178573
321.3300000061281
321.4000000152737
exp1-old.cpp-O3
332.59499998530373
326.085000007879
325.59000002220273
327.8549999813549
323.34000000264496
323.09499999973923
319.8149999952875
324.5500000193715
336.44500002264977
325.37999999476597
exp1-old.cpp-Os
347.9500000248663
356.6100000170991
349.26499996799976
349.12999998778105
348.8299999735318
346.2300000828691
349.6199999935925
347.3150000208989
344.7150000138208
341.41499997349456
exp1-old.cpp-Oz
347.55499998573214
343.639999977313
351.2950000585988
364.2949999193661
347.47000003699213
350.609999964945
357.68499999539927
359.55999995348975
352.6449999772012
353.3900000038557
exp3.cpp-O0
850.4100000136532
848.71499997098
830.8300000499003
829.5950000174344
851.1449999641627
835.0549999740906
847.7699999930337
861.0849999822676
848.3150000101887
852.2649999940768
exp3.cpp-O1
32.109999970998615
31.68999997433275
30.35499999532476
31.934999977238476
41.289999964646995
30.190000019501895
44.904999958816916
30.29999998398125
30.934999987948686
42.904999980237335
exp3.cpp-O2
29.57999997306615
30.215000035241246
29.724999971222132
30.014999967534095
30.13999992981553
32.380000047851354
31.49000002304092
30.640000011771917
35.75999999884516
43.479999992996454
exp3.cpp-O3
40.52000003866851
32.29500004090369
30.63500003190711
30.374999972991645
33.01499999361113
35.43499996885657
31.82499995455146
31.549999956041574
31.355000042822212
29.684999957680702
exp3.cpp-Os
30.740000016521662
29.9399999785237
29.53000005800277
33.04000000935048
34.364999970421195
30.950000043958426
31.679999956395477
37.060000002384186
29.57999997306615
49.844999972265214
exp3.cpp-Oz
207.2949999710545
206.5699999802746
206.57999999821186
205.054999969434
205.60999994631857
204.91000002948567
207.05500000622123
206.37000002898276
217.03500003786758
204.98500001849607
exp23.cpp-O0
825.7399999420159
822.4349999800324
850.1000000396743
823.8499999861233
824.6049999725074
831.7350000143051
828.3500000252388
827.5049999938346
845.2350000152364
820.0250000809319
exp23.cpp-O1
254.4050000142306
255.0999999511987
254.45999996736646
254.53499995637685
255.219999991823
256.0149999917485
260.97000000299886
253.36000003153458
268.23499996680766
254.28499997360632
exp23.cpp-O2
133.70499992743134
129.99499996658415
128.77000001026317
131.3800000352785
130.15000004088506
133.53499997174367
145.19499999005347
129.44499996956438
132.7799999853596
136.28999999491498
exp23.cpp-O3
133.58500000322238
132.1000000461936
131.664999993518
135.46000001952052
147.75000006193295
139.16500005871058
140.62499994179234
137.1700000599958
130.62000001082197
136.46499998867512
exp23.cpp-Os
228.94499998074025
229.89500005496666
239.5750000141561
242.33999999705702
242.17000004136935
231.24499997356907
228.57000003568828
229.5600000070408
229.90999999456108
232.33000002801418
exp23.cpp-Oz
254.480000003241
264.37000004807487
256.3450000016019
254.15999995311722
253.29999992391095
256.0149999335408
254.15999995311722
254.50999999884516
257.22500000847504
258.48999997833744
exp10a.cpp-O0
1330.870000005234
1319.774999981746
1310.9000000404194
1313.2199999527074
1320.1750000589527
1310.1749999914318
1322.9349999455735
1310.9750000294298
1355.2400000044145
1303.075000003446
exp10a.cpp-O1
523.2349999714643
545.8050000015646
503.2150000333786
505.3850000258535
506.9399999920279
519.3000001017936
521.3450000155717
512.28500000434
522.2049999865703
525.6650000228547
exp10a.cpp-O2
455.7649999624118
471.3100000517443
452.5250000297092
461.52000001166016
469.7699999669567
462.1550000156276
456.9900000351481
450.6249999976717
458.57000001706183
459.2650000122376
exp10a.cpp-O3
448.9600000088103
453.914999961853
462.29500003391877
465.86500003468245
466.6649999562651
449.85000003362074
467.534999945201
462.0549999526702
457.37999997800216
449.4999999878928
exp10a.cpp-Os
469.62500002700835
457.1250000735745
455.164999992121
457.25499995751306
456.984999938868
457.6400000369176
456.4600000740029
461.21499995933846
457.2299999999814
457.30000000912696
exp10a.cpp-Oz
459.3800000147894
459.0149999712594
457.0700000040233
467.9650000180118
455.8899999829009
461.13499999046326
459.6550000132993
460.60500002931803
463.11999997124076
449.2449999670498
exp4b.cpp-O0
736.0399999306537
737.8800000296906
734.0100000146776
746.9550000387244
711.1749998875894
737.3699999880046
729.5700000249781
732.735000026878
733.3399999770336
727.0000000135042
exp4b.cpp-O1
271.4249999844469
269.2399999941699
269.76499997545034
269.64499993482605
272.5399999762885
269.14500002749264
278.64000003319234
268.30499997595325
280.5200000293553
270.844999991823
exp4b.cpp-O2
272.16500003123656
281.55499999411404
272.2949999733828
266.97500003501773
281.5000000409782
269.1150000318885
267.8249999298714
268.7249999726191
274.1449999739416
268.10499996645376
exp4b.cpp-O3
268.5199999832548
281.9099999614991
270.4950000043027
276.40999999130145
268.87500000884756
270.65000002039596
276.41499997116625
269.93499998934567
269.46500001940876
277.254999964498
exp4b.cpp-Os
268.7000000150874
268.9800000516698
269.7099999641068
269.07999999821186
277.19500003149733
270.59999998891726
280.9750000014901
275.8250000770204
276.98500000406057
268.999999971129
exp4b.cpp-Oz
270.1600000145845
270.06000000983477
269.1900000208989
280.4749999777414
269.9999999604188
270.59500000905246
268.81000003777444
281.1750000109896
266.11999998567626
271.1799999815412
exp2b.cpp-O0
1080.2799999946728
1077.4250000249594
1056.9050000049174
1083.00500002224
1078.8349999347702
1076.160000055097
1079.8250000807457
1084.3149999855086
1076.960000093095
1061.8899999535643
exp2b.cpp-O1
273.9300000248477
276.6999999876134
273.30499998060986
274.5499999728054
273.90500000910833
271.33000001776963
272.4150000140071
271.6900000232272
273.9150000270456
274.75500002037734
exp2b.cpp-O2
265.06999996490777
283.1400000141002
265.3849999769591
265.9500000299886
279.3649999657646
264.54499998362735
279.7650000429712
266.704999958165
264.94999998249114
273.2149999937974
exp2b.cpp-O3
270.35999996587634
260.4299999657087
257.9000000259839
272.5749999517575
258.084999921266
259.0150000178255
273.44999997876585
258.13999999081716
269.4400000618771
258.65500001236796
exp2b.cpp-Os
274.03500000946224
268.0050000199117
269.85500002047047
274.88500002073124
273.14500004285946
273.589999997057
273.07000005384907
271.6999999829568
296.49000003701076
271.98000001953915
exp2b.cpp-Oz
297.43999999482185
296.8850000179373
304.46499993558973
298.03000000538304
307.7000000048429
298.5349999507889
292.3449999652803
295.87499995250255
297.16000001644716
298.54000004706904
exp24.cpp-O0
964.9900000076741
953.9150000200607
937.5550000113435
968.2299999985844
968.3249999652617
972.5300000282004
936.3299999968149
955.2949999924749
941.8300000252202
958.6850000196137
exp24.cpp-O1
393.68000003742054
390.8449999871664
385.4900000151247
394.37999995425344
376.17499998304993
387.0599999791011
389.8349999799393
392.7499999990687
389.1200000070967
384.2350000049919
exp24.cpp-O2
363.44499996630475
351.96499997982755
352.9299999936484
353.0049999826588
351.0200000018813
364.9650000152178
351.37499996926636
352.5800000061281
366.00500001804903
353.89499994926155
exp24.cpp-O3
351.4899999718182
365.14499998884276
350.609999964945
352.16499998932704
350.71999998763204
351.8449999974109
350.6899999920279
350.9100000374019
350.2999999327585
351.714999997057
exp24.cpp-Os
383.09999997727573
387.23499997286126
391.3550000288524
382.42999999783933
381.5399999730289
378.07499995687976
388.82499997271225
401.320000004489
376.75499997567385
380.98999997600913
exp24.cpp-Oz
378.6750000435859
375.63999998383224
377.98500002827495
407.20499999588355
386.4249999751337
367.0800000545569
390.8600000431761
379.1699999710545
391.3250000332482
378.41499998467043
exp4a.cpp-O0
917.1349999378435
929.7850000439212
913.1849999539554
928.1700000283308
932.5600000447594
932.585000002291
931.6649999818765
929.9950000131503
927.5349999661557
926.9250000361353
exp4a.cpp-O1
220.31000000424683
219.38499994575977
227.174999890849
216.28500003134832
229.7450000187382
219.38500000396743
228.4950000466779
218.80999999120831
219.03500001644716
223.58500002883375
exp4a.cpp-O2
136.18499995209277
139.97000001836568
126.81500002508983
137.84499996108934
125.85499999113381
125.11999998241663
125.06499997107312
126.58500001998618
125.41000003693625
126.69499998446554
exp4a.cpp-O3
126.60500005586073
137.2599999886006
125.1599999377504
126.35499995667487
126.30499998340383
137.2550000087358
129.8700000043027
137.02999998349696
127.33000004664063
125.92000002041459
exp4a.cpp-Os
193.20999999763444
208.79500004230067
192.43999995524064
191.41500000841916
200.345000019297
206.6200000117533
191.76000001607463
198.66499997442588
202.04000000376254
195.44999999925494
exp4a.cpp-Oz
232.590000028722
231.75500001525506
237.65000002458692
231.5700000617653
238.36999997729436
234.64499996043742
233.13000000780448
233.56500000227243
243.9200000371784
233.53999998653308
gcc-loops-all.cpp-O0
21738.309999986086
21375.10000000475
21920.289999980014
21750.780000002123
21786.45499999402
21723.634999943897
21749.264999991283
21799.6999999159
21690.819999959785
21734.07499998575
gcc-loops-all.cpp-O1
5738.384999975096
5750.439999974333
5750.134999980219
5582.139999954961
5593.769999977667
5719.645000004675
5752.910000039265
5731.715000001714
5779.914999962784
5610.874999954831
gcc-loops-all.cpp-O2
4864.144999941345
5012.800000025891
4993.379999999888
5040.754999965429
5003.369999991264
4966.435000009369
4900.039999978617
4847.524999990128
4998.225000046659
4992.764999973588
gcc-loops-all.cpp-O3
5034.054999996442
5037.919999973383
5016.6149999713525
5020.850000029895
5021.015000005718
5017.9750000243075
5027.575000014622
5036.270000040531
5024.585000006482
5028.824999986682
gcc-loops-all.cpp-Os
5662.30500000529
5621.679999982007
5617.470000055619
5628.059999959078
5464.734999986831
5634.584999992512
5641.319999995176
5496.6199999907985
5624.670000048354
5623.08499997016
gcc-loops-all.cpp-Oz
6214.2649999586865
6237.53000004217
6200.139999971725
6187.42500001099
6223.4799999860115
6212.185000011232
6239.250000042375
6196.755000040866
6051.440000010189
6189.944999990985
exp2a.cpp-O0
1430.3800000052433
1441.625000006752
1432.840000023134
1435.0499999709427
1398.4150000032969
1445.114999980433
1462.104999984149
1437.9949999856763
1434.5249999896623
1398.604999994859
exp2a.cpp-O1
283.0899999826215
303.80500000319444
303.04500000784174
308.89000004390255
285.40500000235625
279.4599999906495
300.9149999998044
300.1749999821186
283.0000000249129
281.139999977313
exp2a.cpp-O2
228.62999999779277
234.7400000144262
223.3649999834597
225.25000001769513
229.20000000158325
222.09500000462867
222.50000000349246
222.50499998335727
235.53500001435168
238.06000003241934
exp2a.cpp-O3
222.50000000349246
229.27999999956228
223.66000001784414
235.8900000108406
237.30500001693144
222.72499999962747
228.19500000332482
229.4899999978952
222.78999999980442
222.9149999911897
exp2a.cpp-Os
251.06000000960194
254.6400000283029
265.7900000049267
254.37499998952262
254.83499999972992
253.63500000094064
255.2950000099372
254.63000001036562
253.94499997491948
266.6000000317581
exp2a.cpp-Oz
260.6249999953434
261.4600000088103
270.1949999900535
262.72999998764135
263.55999999213964
263.9750000089407
263.81999999284744
264.45000001695007
263.50500000989996
271.29500001319684
exp8.cpp-O0
3008.4899999783374
2962.020000035409
2987.490000028629
2888.035000010859
2954.0150000248104
2966.0649999859743
2909.474999993108
2873.829999996815
2876.9049999536946
3027.624999987893
exp8.cpp-O1
601.3050000765361
602.5249999947846
610.820000001695
628.3799999509938
596.5699999942444
625.7549999863841
618.5450000339188
603.2049999921583
609.3700000201352
602.9299999936484
exp8.cpp-O2
451.9900000304915
475.4399999510497
471.590000030119
471.8549999524839
479.53000001143664
466.2300000200048
481.12000001128763
470.50499997567385
467.94999996200204
460.17499995650724
exp8.cpp-O3
512.9899999592453
514.6850000019185
516.9999999925494
535.2999999886379
517.359999998007
523.8200000021607
512.7050000592135
499.53999993158504
513.8249999727122
513.4449999895878
exp8.cpp-Os
617.8649999783374
605.2550000022165
627.0200000726618
630.0600000540726
615.7300000195391
616.8150000157766
621.9800000544637
607.1999999694526
626.5850000199862
617.1399999293499
exp8.cpp-Oz
621.3349999743514
618.419999955222
619.7999999858439
615.6099999789149
632.3149999952875
633.3900000317954
617.8550000186078
626.5349999885075
627.9349999967963
618.0349999922328
exp7.cpp-O0
1471.170000033453
1468.0899999802932
1466.1100000375882
1468.6449999571778
1471.495000005234
1436.4599999971688
1486.8450000649318
1469.1950000124052
1443.0400001001544
1464.6549999597482
exp7.cpp-O1
64.42000000970438
69.81999997515231
61.92999996710569
75.90499997604638
62.320000026375055
75.36000001709908
66.48999999742955
62.27499997476116
65.01999997999519
63.679999962914735
exp7.cpp-O2
60.769999981857836
70.70999999996275
64.30000002728775
77.05000002169982
63.3950000628829
61.89999997150153
60.67000003531575
71.46999996621162
63.22999997064471
84.60499998182058
exp7.cpp-O3
77.00500002829358
63.735000032465905
60.41000003460795
70.52999996813014
62.17499997001141
61.729999957606196
64.02999995043501
80.23000002140179
76.88499998766929
61.11500004772097
exp7.cpp-Os
60.77999999979511
80.74499998474494
63.58000001637265
63.36500000907108
66.02500000735745
60.944999975617975
60.93999993754551
62.0350000099279
64.04999998630956
73.10999999754131
exp7.cpp-Oz
384.3650000053458
385.2349999942817
381.63000001804903
393.55999999679625
381.1299999943003
383.7350000394508
384.71499999286607
388.3800000185147
382.5000000069849
381.93000003229827
exp11.cpp-O0
769.2899999965448
774.215000012191
753.7949999968987
766.9750000059139
752.5150000001304
750.7349999796133
767.5499999604654
776.1549999995623
768.030000035651
769.5200000016484
exp11.cpp-O1
390.3950000240002
376.4650000084657
377.5599999935366
374.6499999833759
376.445000001695
376.1449999874458
377.2049999970477
377.5249999889638
382.370000006631
388.8050000241492
exp11.cpp-O2
377.3900000087451
377.2250000038184
380.1299999759067
388.05999999749474
378.7050000100862
370.71499999728985
378.39500000700355
379.8399999795947
385.61500000650994
379.65499999700114
exp11.cpp-O3
378.7449999945238
377.2400000016205
391.3499999907799
387.2949999640696
378.06000001728535
407.88500002236106
378.82999997236766
388.6250000214204
391.18500001495704
374.775000003865
exp11.cpp-Os
373.22500001755543
379.54500000341795
376.7999999981839
376.3899999903515
377.264999988256
371.4850000105798
371.1400000320282
381.9499999808613
369.96999999973923
387.8300000214949
exp11.cpp-Oz
392.9750000243075
377.7150000096299
377.184999990277
391.50999998673797
378.06999997701496
377.810000005411
376.7799999914132
377.23499999265186
380.8900000003632
371.8300000182353
exp10b.cpp-O0
1693.7249999609776
1699.5349999633618
1687.1849999879487
1725.4349999711849
1693.580000079237
1695.9400000050664
1760.0550000206567
1695.1200000476092
1698.229999979958
1697.3700000089593
exp10b.cpp-O1
395.07999998750165
409.3500000308268
402.5149999652058
393.16500001586974
403.9950000005774
389.24000004772097
388.9099999796599
388.30999995116144
388.4049999760464
403.0899999779649
exp10b.cpp-O2
357.7349999686703
358.6749999667518
363.915000052657
358.2700000843033
358.86999999638647
361.2899999716319
358.7200000183657
358.16499998327345
357.77000000234693
356.79000010713935
exp10b.cpp-O3
359.49499998241663
363.16499998793006
361.07499996433035
359.5299999578856
362.75000002933666
355.6749999988824
356.25499999150634
358.1800000392832
359.035000030417
357.22499998519197
exp10b.cpp-Os
401.1249999748543
387.69999996293336
385.85500000044703
392.4550000228919
386.71999995131046
388.21499998448417
385.93499996932223
387.69000000320375
387.02999998349696
386.2850000150502
exp10b.cpp-Oz
404.5800000312738
388.28000001376495
388.02000001305714
410.96499998820946
394.6849999483675
387.5150000094436
388.074999966193
387.10499997250736
389.0150000224821
390.7400000025518
exp25.cpp-O0
1174.3299999507144
1188.0700000328943
1139.9599999422207
1142.2700000111945
1167.7149999886751
1166.3699999917299
1166.695000079926
1168.4450000175275
1154.9050000030547
1166.9300000648946
exp25.cpp-O1
591.8850000016391
587.9299999796785
589.2700000549667
576.9300000392832
589.5000000600703
580.6449999799952
607.990000047721
590.2899999637157
590.654999949038
592.754999990575
exp25.cpp-O2
600.9049999993294
582.1050000376999
589.1549999942072
590.5299999867566
582.6100000413135
592.7900000242516
603.3199999947101
589.7999999579042
590.2500000083819
587.6500000013039
exp25.cpp-O3
593.9849999849685
601.5150001039729
590.6599999871105
589.6650000358932
589.9199999985285
607.9950000275858
574.78500000434
590.1799999992363
591.7050000280142
590.5499999644235
exp25.cpp-Os
595.499999995809
577.7549999766052
588.0049999686889
589.159999974072
611.3899999763817
589.1449999762699
592.0800000312738
590.6899999827147
591.3600000203587
588.8250000425614
exp25.cpp-Oz
589.3899999791756
588.9849999803118
596.4549999916926
589.4050000351854
598.4049999387935
590.1400000439025
586.524999991525
587.8849999862723
591.7400000034831
590.1949999970384
exp1.cpp-O0
1089.4899999839254
1098.580000019865
1093.6100000108127
1061.889999982668
1099.4399999908637
1096.5699999942444
1124.3500000273343
1083.5099999676459
1086.2899999774527
1096.705000003567
exp1.cpp-O1
344.2800000193529
344.76499998709187
344.4949999975506
338.94499999587424
345.70000000530854
358.36000001290813
344.37000000616536
343.8650000025518
345.339999999851
342.8750000020955
exp1.cpp-O2
321.1950000259094
326.085000007879
326.1200000415556
331.6900000208989
313.04999999701977
333.4649999742396
323.68499995209277
332.6999999699183
320.06499997805804
324.4750000303611
exp1.cpp-O3
323.3399999444373
322.22000003093854
320.50000003073364
324.8899999889545
318.85999999940395
321.8500000075437
319.72500000847504
328.3250000094995
322.9600000777282
320.6650000065565
exp1.cpp-Os
360.71999999694526
345.95000004628673
345.94999998807907
344.29999999701977
345.4199999687262
347.2850000252947
346.0499999928288
344.64999998454005
350.0699999858625
344.8699999717064
exp1.cpp-Oz
368.6800000141375
347.01500000664964
346.09499998623505
353.4599999547936
343.2100000209175
345.7100000232458
348.20999996736646
338.32499996060506
346.0400000330992
346.2899999576621
